Here, no of days = May-2014 to Sept-2021 = 2709

Hour	Total Posts	Posts per Day
00	1564		0.5773348098929494
01	1435		0.5297157622739018
02	1364		0.5035068290882244
03	1346		0.4968623108157992
04	1411		0.5208564045773348
05	1751		0.6463639719453673
06	2447		0.9032853451458103
07	2836		1.0468807678110004
08	3145		1.1609449981543005
09	3541		1.3071244001476559
10	3505		1.2938353636028055
11	3281		1.2111480251015134
12	3480		1.2846068660022147
13	3726		1.3754152823920265
14	3909		1.44296788482835
15	3916		1.4455518641565153
16	3593		1.3263196751568844
17	3456		1.2757475083056478
18	3016		1.1133259505352529
19	2983		1.1011443337024733
20	2761		1.0191952750092286
21	2537		0.9365079365079365
22	2108		0.7781469176818014
23	1738		0.6415651531930602
Max posts : 1.4455518641565153 at 15 houre
Min posts : 0.4968623108157992 at 03 houre
Ratio : 2.9093610698365526
