10	141
100	73
1000	4
1001	4
1002	7
10027	1
1003	3
10034	1
10038	1
10039	1
1004	3
10041	1
10046	1
100496	1
1005	4
10050	1
1006	3
10064	1
1007	2
10079	2
1008	5
10083	1
1009	5
10096	1
101	72
1010	2
10109	1
1011	5
10115	1
10116	1
1012	3
1013	4
10132	1
10137	1
1014	7
10148	1
1015	2
10154	1
1016	8
10160	1
10162	1
10166	1
1017	3
10178	1
1018	7
10180	1
102	58
1020	3
1021	1
10217	1
1022	4
10220	1
10226	1
1023	3
1024	6
10243	1
10247	1
1025	2
1026	4
10264	1
10265	1
10267	1
1027	4
10270	1
1028	2
10280	1
1029	4
10299	1
103	57
1030	5
10301	1
10306	1
1031	3
10319	1
1032	6
1033	4
1034	1
10346	1
1035	3
10350	1
10352	1
10358	1
1036	5
1037	5
10374	1
1038	4
10384	1
1039	1
104	52
1040	3
1041	4
10412	1
1042	1
1043	5
10430	1
10432	1
1044	4
10444	1
10448	1
1045	7
1046	3
10465	1
1047	2
1048	4
1049	2
10491	2
105	55
1050	7
1051	2
10512	1
1052	2
1053	4
1054	2
10549	1
1055	4
1056	3
1057	4
10571	1
10579	1
1058	2
10584	1
10589	1
1059	3
106	57
1060	3
10603	1
1061	3
106108	1
10611	1
1062	2
1063	3
10631	1
10637	1
1064	3
10646	1
1065	5
106503	1
10653	2
106563	1
1066	4
1067	2
10670	1
1068	1
1069	4
10696	1
10698	1
107	52
1070	5
1071	6
10713	1
10717	1
1072	3
1073	1
1074	2
10744	1
1075	6
1076	8
10763	1
10767	1
1077	4
1078	3
10780	1
1079	5
10794	1
108	52
1080	7
10802	1
1081	4
10815	1
10818	1
10819	1
1082	2
1084	3
1085	4
1086	5
10869	1
1087	4
10876	1
1088	1
1089	3
108979	1
109	58
1090	3
1091	3
10910	1
1092	2
10929	1
1093	3
1094	6
1095	2
10957	1
10959	1
1096	3
10967	1
1097	1
1098	3
1099	3
11	221
110	45
1100	2
110054	1
1101	4
11012	1
11017	1
11018	1
1102	1
110262	2
1103	4
11032	1
11039	1
1104	4
1105	6
1106	3
11067	1
1107	2
11079	1
1108	3
11081	1
110846	1
1109	4
11091	1
111	47
1110	4
1111	5
1112	2
11121	1
11125	1
1113	2
1114	1
11142	1
1115	2
11158	1
1116	1
11166	1
1117	5
11171	1
1118	2
1119	5
112	55
1120	3
11204	1
1121	3
1122	3
11223	1
1123	3
11242	1
1125	3
11256	1
1126	4
1127	6
11271	1
1128	2
1129	2
11293	1
11295	1
113	60
1130	2
1132	2
11320	1
113222	1
1133	3
11333	1
1134	1
1135	3
1136	2
11368	1
1137	3
11378	1
1138	4
1139	6
11397	1
114	56
1140	2
11414	1
1142	1
11421	1
1143	6
11436	1
1144	5
1145	4
1146	1
11465	1
1147	1
1148	1
1149	4
115	61
1150	2
11503	1
11508	1
1151	1
1152	3
11525	1
11527	1
11528	1
1153	2
115333	1
11534	1
1154	3
11541	1
11549	1
1155	2
11552	1
1156	3
11562	1
1157	2
1158	1
1159	3
11594	1
116	48
1160	5
11605	1
1161	3
11611	1
11615	1
1163	4
1164	2
116440	1
11647	1
1165	6
1166	3
11666	1
1167	3
1168	3
1169	2
117	37
1170	1
1171	3
117126	1
11715	1
1172	4
11724	1
1173	1
1174	5
11744	1
1175	5
11757	1
1176	2
11762	1
11764	1
1177	3
11772	1
11788	1
1179	3
11790	1
118	38
1180	3
11804	1
11809	1
1181	6
1182	4
1183	3
11833	1
11838	1
1184	4
1185	3
1186	2
11863	1
1187	3
11872	1
1188	7
118814	1
1189	2
11890	1
119	38
1190	2
11907	1
1191	2
11914	1
11919	1
1192	5
1193	2
11935	1
11938	1
1194	2
1195	1
11952	1
11959	1
1196	3
11964	1
11966	1
11967	1
1197	4
11970	1
11975	1
1198	2
1199	2
12	215
120	44
1200	7
1201	6
12011	1
12017	1
1202	4
1203	3
12033	1
1204	3
1205	5
12053	1
1206	7
12069	2
1207	2
12072	1
1208	4
12088	1
1209	2
121	48
1210	3
1211	3
1212	3
12123	2
1213	3
121326	1
1214	3
12146	2
1215	4
1216	4
12161	1
1217	3
1218	8
12189	1
1219	3
122	55
1220	1
1221	3
1222	4
1223	4
122329	1
12234	1
12238	1
1224	1
1225	3
1226	3
12265	1
1227	3
12273	1
12278	1
1228	2
12280	1
12289	1
1229	2
12292	1
123	32
123016	1
12306	1
1231	4
12311	1
12315	1
12316	1
12318	1
1232	1
12326	1
1233	2
12338	1
1234	1
12347	1
1235	3
12351	1
1236	4
1237	1
12373	1
12379	1
1238	1
12385	1
1239	1
12399	1
124	42
1240	1
1241	3
1242	4
12421	1
1243	2
12433	1
1244	3
1245	3
12457	1
1246	5
12469	1
1247	2
1248	2
124801	1
1249	2
125	38
1250	3
1251	2
1252	1
12527	1
1253	3
1254	4
1255	3
1256	4
12562	1
1257	3
1258	3
12588	1
1259	3
126	48
1260	3
12608	1
1261	3
1262	4
1263	1
12635	1
1264	6
1265	1
12652	1
12656	1
1266	3
12669	1
1267	4
1268	1
12688	1
1269	3
127	45
1270	2
1271	5
1272	1
1273	5
12735	1
1274	2
12741	1
12742	1
1275	5
12759	1
1276	1
1277	2
1278	5
1279	3
128	47
1280	5
1282	4
12823	1
1283	3
1284	4
128484	1
1285	1
1286	2
1287	3
12877	1
1288	2
1289	1
12893	1
12895	1
129	45
1290	4
1291	3
12910	1
1292	1
129201	1
1293	3
1294	4
1295	3
1296	1
1297	1
1298	4
1299	2
13	219
130	37
1300	3
1301	2
13017	1
1302	1
1303	2
1304	4
13044	1
1306	6
1307	3
1308	2
13085	1
13086	1
1309	1
131	40
1310	2
1311	3
1312	7
13124	1
13129	1
1313	3
1314	3
1315	3
1316	4
1317	5
1318	1
1319	5
132	37
13202	1
13208	1
1321	1
13211	1
1322	3
1323	3
13235	1
1324	1
13247	1
1325	5
1326	3
1327	3
1328	5
1329	4
133	28
1330	1
13305	1
1331	3
1332	1
13325	1
1333	4
13335	1
1334	2
1335	1
1336	1
1337	1
13373	1
1338	3
13397	1
134	51
1340	4
13404	1
13406	1
1341	2
13410	1
1342	3
1343	2
13436	1
13438	1
1344	3
134451	1
13446	2
1345	1
1346	2
1347	4
13475	1
13478	1
1348	3
1349	3
135	40
1350	2
1351	3
1352	4
13522	1
1353	1
1354	5
1356	7
1357	3
13570	1
13575	1
1358	5
13589	1
1359	1
13596	1
136	36
1360	3
1361	6
13615	1
1362	2
1363	1
13636	1
1364	2
1365	2
1366	5
13663	1
1367	4
13673	1
1368	3
13690	1
13697	1
137	37
1370	1
1371	3
1372	1
1373	4
13745	1
1375	1
1376	2
13766	1
1377	5
1378	3
1379	1
13791	1
13794	1
138	42
1380	2
13803	1
1381	4
1382	2
13831	1
13838	1
1384	4
138435	1
13847	1
1385	1
13851	1
1386	5
1387	4
1388	2
13883	1
1389	2
139	38
1390	2
13908	1
1391	4
1392	1
13926	1
1395	1
1396	2
1397	2
13971	1
13979	1
1398	1
13981	1
1399	4
14	237
140	41
1400	3
14001	1
14002	1
14003	1
1401	2
140124	1
1402	4
1403	2
14035	1
1404	3
1405	4
14054	1
1406	2
140671	1
1407	1
1408	2
14080	1
14089	1
1409	2
141	38
1410	3
1411	6
14110	1
1412	3
14121	1
1413	1
14132	1
1414	2
14143	1
1415	1
1417	1
141793	1
1418	5
1419	2
14191	2
142	39
1420	1
1421	3
1422	3
14221	1
14222	1
1423	2
1425	3
14252	1
1426	2
1427	1
14281	1
1429	1
143	32
1431	1
1432	1
1433	1
1434	3
1435	2
14350	1
1437	3
1438	4
14383	1
14386	1
1439	4
144	34
1440	4
14404	1
1441	2
14415	1
1442	2
14422	1
1443	1
1444	1
1445	4
1446	5
1448	3
144813	1
1449	2
14493	1
145	34
1450	1
1451	1
14517	1
1452	1
1453	1
14535	1
1454	2
1455	3
14555	1
14559	1
1456	2
1457	4
1458	4
1459	1
14593	1
146	21
1460	2
14600	1
14610	1
14613	1
1462	1
1463	1
1464	2
1465	1
14658	1
14675	1
14679	2
1468	2
1469	2
147	36
1470	1
14706	1
14709	1
1471	4
1472	1
14722	1
1473	1
14732	1
1475	3
14753	1
14754	1
14757	2
14765	1
14766	1
1477	4
1478	1
1479	2
148	44
1480	1
1481	2
14817	1
1482	3
14820	1
14839	1
1484	3
1485	3
148671	1
1487	3
1488	4
14888	1
1489	3
149	31
1490	1
14901	1
1491	3
1492	4
1493	1
14933	1
1494	4
14942	1
1495	1
1496	5
14964	1
14965	1
1497	5
1498	1
14982	1
1499	1
14990	1
15	230
150	41
1500	2
15016	1
1502	2
1503	4
1505	1
1506	1
15062	1
15067	1
1507	2
1508	1
15087	1
1509	1
151	36
1511	4
15117	1
15119	1
1512	2
1513	5
15138	1
1514	4
15162	1
15164	1
1517	2
15177	1
1518	3
152	32
15201	1
1521	2
15218	2
1522	1
1523	2
15247	1
15248	1
1525	1
1526	1
1527	2
1528	7
15289	1
1529	1
153	43
1530	3
15306	1
1531	2
1532	3
15329	1
1533	1
1534	1
15340	1
1535	3
1536	1
1537	1
1538	3
1539	4
154	36
1541	4
1542	2
1543	2
1544	1
1545	1
15457	1
1546	4
15465	1
1547	3
15476	1
1548	2
155	39
1550	4
15505	1
1551	3
15510	2
1552	1
1553	1
15535	1
1554	4
1556	2
15563	1
1557	4
15573	1
1558	2
1559	1
156	30
1560	2
15604	1
1561	3
15616	1
1562	2
1564	2
15648	1
1565	1
1566	2
15665	1
15669	1
1567	3
15670	1
1568	1
15688	1
1569	3
157	29
15709	1
1571	1
1572	6
1573	3
1574	3
157485	1
1575	1
1576	2
1577	2
1578	1
1579	1
15790	1
158	42
15808	1
1581	1
15811	1
15818	1
1582	1
15823	1
1583	1
15830	1
15839	1
1584	2
1585	3
15850	1
1586	4
1587	1
1588	1
1589	2
159	33
1590	2
15905	1
1592	2
1593	1
1595	1
15951	1
1596	1
159688	1
15970	1
1598	3
1599	1
15999	1
16	259
160	29
16003	1
1601	1
1602	4
1603	1
1604	4
1605	1
16053	1
1607	2
16079	1
1608	1
1609	1
16092	1
161	38
1610	2
16102	1
1611	1
1612	4
1613	4
1614	4
1615	2
1616	4
16163	1
1617	1
1618	3
1619	2
16193	1
162	26
1620	5
16206	1
1621	1
1622	5
1623	2
1624	3
16242	1
16246	1
16249	1
1625	2
16257	1
1626	2
1627	2
16271	1
1628	2
1629	1
163	23
1630	4
16304	1
16307	1
1631	1
1632	4
1633	2
1634	2
16349	1
1635	1
1637	3
16380	1
16382	1
1639	1
164	41
1640	2
1641	2
16416	1
1642	2
16429	1
1643	2
1644	2
1645	2
1646	1
1647	1
1648	2
1649	1
165	25
1650	3
16505	1
1651	3
16510	1
1652	2
16537	1
1654	1
1655	2
1656	4
1657	2
1658	1
1659	2
16590	1
16592	2
166	35
1660	3
16608	1
1661	1
16612	1
1662	3
16638	1
1664	1
1665	4
16665	1
1667	1
1668	1
1669	2
167	37
1670	1
1673	1
1674	1
1675	2
16755	1
1676	1
1677	1
1679	2
168	28
1680	1
1682	1
16825	1
1683	2
1684	2
16842	1
1685	1
1686	1
16866	1
1687	1
1688	2
1689	2
169	31
1690	1
16901	1
1691	1
1693	1
16937	1
1694	2
16948	1
1695	1
1697	2
1698	1
16980	1
1699	1
17	287
170	36
1700	1
1701	2
17011	1
1702	2
1703	1
1705	4
17055	1
17056	1
1706	4
17063	1
1707	2
1708	3
17086	1
1709	2
171	22
1711	1
17128	1
1713	2
17139	1
1714	3
1715	2
1716	2
17163	1
1717	2
1718	1
1719	2
17190	1
172	30
1721	1
1722	5
1723	1
1724	3
1725	1
1726	3
1727	1
1728	2
1729	1
173	34
1730	2
1732	1
17326	1
17329	1
1733	4
1734	4
1735	2
1736	3
17372	1
17379	1
1738	3
1739	2
17397	1
174	27
1740	1
1742	1
1743	2
17431	1
1746	3
1747	2
17471	1
1748	2
1749	2
175	22
1750	1
1751	1
1753	1
1754	1
1756	1
1757	4
17574	1
1758	4
1759	1
176	25
1760	2
1761	2
17619	1
1762	2
17624	1
1763	4
17633	1
1765	2
17655	1
1766	2
1767	3
1768	2
17683	1
1769	1
177	31
1770	2
17701	1
17706	1
1771	2
1772	3
17720	1
17729	1
1773	1
1774	1
1775	1
1776	3
1777	3
17774	1
1778	1
1779	1
17797	1
178	44
1780	2
17804	1
1782	1
1783	3
17834	1
1784	2
1785	1
17850	2
17858	1
1786	2
17863	1
1787	3
17884	1
1789	2
179	23
1791	1
17929	1
1793	1
1795	2
1797	2
1798	2
1799	6
17991	1
18	262
180	23
1800	2
1801	2
1802	3
1803	2
18036	1
1804	2
1805	1
18062	1
1807	3
1808	4
1809	1
180902	1
181	25
1810	2
18103	1
1811	1
18112	1
18119	1
1812	4
1813	1
1814	2
18148	1
1815	2
1816	3
1817	1
1818	2
18184	1
18189	1
1819	1
182	43
18202	1
1821	1
1822	1
18225	1
1823	1
18234	1
1824	2
1825	1
1826	2
1827	1
1828	4
1829	2
183	24
1830	3
1831	2
18312	1
18323	1
1833	2
18337	1
1834	1
18341	1
1835	3
18352	1
1836	2
1837	3
1838	3
1839	5
18391	1
184	33
1840	4
1841	1
1842	2
1844	2
18442	1
18449	1
1845	5
18452	1
1846	5
18468	1
1847	2
1848	2
18484	1
1849	1
185	30
1850	2
1851	1
1852	2
18521	1
1853	1
1854	1
1855	1
1856	2
18568	1
1857	2
1858	2
18588	1
18592	1
186	32
1860	1
1861	2
18626	1
1863	1
1864	3
1865	1
1866	1
18664	1
18666	1
1867	2
1868	1
1869	2
18695	1
187	39
1870	3
1873	2
1874	1
1875	1
1876	3
1877	2
18784	1
1879	2
18799	1
188	32
1880	3
1881	6
1882	2
1883	1
1884	4
18843	1
18857	1
1886	1
18861	1
1887	2
18873	1
1889	3
189	22
1891	1
1892	1
18932	1
18934	1
18939	1
18954	1
1896	4
1897	2
18977	1
1898	2
1899	1
19	283
190	30
1901	1
1902	2
1903	1
1904	5
1905	2
1906	3
1908	1
19083	1
190854	1
1909	1
19092	1
191	22
1910	2
19108	1
1911	3
1912	1
1913	2
19135	1
19137	1
1916	1
1917	1
1918	3
19198	1
192	23
1920	2
1921	2
1922	1
1923	2
1924	4
1925	2
1926	1
1927	2
1929	2
193	24
1930	1
1931	1
19312	1
1932	2
19331	1
1934	1
1935	2
19353	1
1936	2
1938	2
1939	2
194	24
1940	3
19407	1
1945	1
19457	1
19464	1
1948	2
195	22
1950	2
1951	2
1952	1
19521	1
1953	2
1955	4
1956	2
1957	2
19579	1
1959	2
196	35
19607	1
1961	3
19615	1
1962	1
1963	2
19635	1
19648	1
1965	2
1966	2
19661	1
19674	1
1969	1
197	26
1971	1
1973	2
1974	1
19744	1
19756	1
1976	2
1978	2
1979	1
198	32
1981	1
1982	2
1983	1
1984	3
1985	2
1986	2
1987	1
1988	1
1989	2
199	22
1990	1
1991	1
19912	1
19919	1
1992	1
1993	1
19936	1
1994	1
1995	1
1997	2
1998	2
1999	1
20	279
200	19
2000	2
2001	2
2002	1
2006	1
2008	2
2009	2
201	28
2010	1
2011	3
2012	2
2013	4
2014	5
2015	2
2016	3
2017	1
20183	1
20188	1
2019	1
202	24
2021	2
20210	1
2023	5
2024	1
20244	1
2025	2
2026	1
20261	1
20267	1
2027	2
20271	1
2028	3
2029	4
203	27
2030	1
2031	3
2034	1
2035	2
2036	1
2039	1
204	37
2040	1
2041	2
2042	2
2043	3
2044	2
2045	1
2046	1
2049	1
205	23
2051	3
20513	1
2052	2
2053	1
2056	2
2058	4
2059	1
206	19
2060	1
2063	3
2064	1
2065	1
2066	2
20662	1
206972	1
207	25
2070	2
20713	1
2072	2
2073	3
2074	3
20752	1
2076	2
20763	1
2077	1
2078	4
2079	1
208	21
20828	1
2083	3
20837	1
2084	3
20849	1
2085	2
2086	1
20861	1
20866	1
2088	1
209	23
2091	1
20913	1
2092	1
2093	1
2096	3
20962	1
2097	1
20974	1
2098	1
2099	2
21	254
210	28
2100	2
2101	2
2102	1
2103	2
21032	1
2104	1
2106	1
2107	1
2108	1
2109	1
211	16
21116	1
2113	1
21149	1
21154	1
21169	1
2117	1
2118	2
212	24
2120	1
2121	2
21217	1
2122	1
21222	1
2123	1
21242	1
21245	1
2127	1
21287	1
2129	1
213	12
2130	3
2133	1
2134	3
2135	1
21382	1
2139	2
214	26
2140	1
2142	2
21432	1
2144	1
2145	2
21451	1
2146	2
21466	1
2148	1
2149	3
215	22
2151	2
2152	1
21524	1
2153	2
2154	1
21559	1
2156	2
2157	2
21579	1
2158	1
2159	5
216	21
2161	1
2162	3
2163	1
2165	3
2167	3
2168	1
2169	2
217	21
2170	1
2171	1
2172	2
21723	1
21747	1
2175	3
2177	1
218	25
2180	1
2181	1
2182	1
2183	1
2185	1
2186	2
2187	1
21882	1
2189	4
219	30
2191	1
2192	2
2193	1
2194	2
21944	1
2195	1
22	296
220	23
2200	1
2201	1
2202	1
22030	1
2205	1
2206	3
2209	1
221	26
2211	1
22111	1
22115	1
2212	1
22129	1
2213	1
2215	1
22150	1
2216	1
2217	1
22177	1
2218	2
2219	1
222	25
2220	2
22205	1
2221	2
2222	1
2223	1
2224	2
2225	1
22252	1
2226	3
2227	1
2228	2
223	15
2231	1
2232	5
2233	1
2235	2
2237	1
2239	1
22395	1
224	24
2241	2
2242	1
22428	1
2243	1
2244	1
2245	1
2247	1
22485	1
22486	2
2249	1
225	27
2250	1
2251	3
2252	1
22546	1
2255	1
2256	2
2257	1
22572	1
2258	2
22593	1
226	25
2261	1
2262	2
22631	1
2264	1
2265	2
2266	1
2268	1
2269	4
22699	1
227	19
2270	2
2271	2
22710	1
22713	1
2272	1
2273	1
2274	1
22740	1
2275	3
22758	1
2277	3
2278	1
2279	3
228	20
2280	1
22800	1
2282	1
2284	1
2285	1
2287	3
2288	1
2289	1
22893	1
229	18
2292	4
2293	1
2295	3
2296	2
2298	2
22982	1
2299	1
22994	1
23	284
230	26
2301	1
2302	2
2303	1
2305	3
23055	1
2306	3
2307	3
2308	1
2309	1
23093	1
231	19
2310	1
23129	1
2313	2
2314	1
2315	1
2316	1
2317	2
2318	1
2319	2
232	17
2320	1
2324	1
2326	1
2327	3
232732	1
2328	1
2329	2
23297	1
233	17
2330	1
2331	1
2332	1
2333	1
2335	2
2336	1
2337	2
23373	1
2338	1
2339	1
234	18
2342	1
2344	1
2345	1
2346	1
2347	1
23470	1
23476	1
2348	1
2349	1
235	28
2350	3
2353	1
23541	1
2356	3
23563	1
23564	1
2357	2
2358	1
2359	1
236	22
2360	1
23609	1
2361	1
2362	2
2364	1
2365	2
23650	1
2367	1
2369	1
23694	1
237	19
2370	1
2374	1
2377	3
2378	1
238	22
2380	1
2382	2
2383	2
23835	1
2385	1
2386	2
2387	1
2388	1
23883	1
2389	2
239	20
2390	3
2391	2
23914	1
2392	1
2393	1
239326	1
2394	3
2395	2
239698	1
2397	2
2398	1
23983	1
2399	1
24	251
240	14
2403	1
2406	1
24070	1
2408	1
240803	1
241	14
2410	1
2411	2
24141	1
2417	1
2418	1
242	19
2420	2
2421	1
2423	3
2425	1
2427	2
2428	1
24286	1
2429	1
243	26
2430	2
24309	1
2431	2
2432	1
24328	1
24332	1
2438	2
2439	2
24399	1
244	12
2440	1
2442	1
2443	1
2444	1
2447	2
2448	1
2449	1
24495	1
245	19
2450	1
2451	1
2452	4
2453	1
2454	1
24544	1
2455	1
2456	3
2457	1
2458	3
2459	3
246	16
2461	1
2462	1
2463	1
2465	2
24656	1
2468	1
24687	1
247	21
2471	2
2473	3
24731	1
2474	2
24747	1
2475	1
247600	1
2477	1
2478	1
2479	1
248	11
2481	1
2482	1
24821	1
2484	1
2485	2
2487	1
2488	4
249	20
2490	2
24923	1
2494	1
2496	2
2497	5
25	259
250	15
2501	1
25038	1
25054	1
2506	3
2507	3
25072	1
2508	2
2509	1
251	20
2510	2
25118	1
2514	1
2516	2
2518	1
2519	1
25191	1
252	16
25209	1
2521	1
2522	1
2523	2
25232	1
2525	2
25278	1
2528	1
253	17
2530	2
253123	1
2534	1
25343	1
2537	2
2538	3
2539	1
25393	1
254	19
2540	4
2542	1
25439	1
2544	2
2545	3
254549	1
25459	1
2546	2
2549	1
255	11
2550	2
2551	2
2554	1
2556	1
2557	1
2558	1
25595	1
256	12
25613	1
2563	1
2564	1
25647	1
2566	1
2567	2
2568	2
257	20
2570	1
2571	3
25717	1
2572	1
2573	2
2576	2
2577	1
2579	2
258	22
2580	1
25809	1
2581	1
2582	2
2583	1
2584	1
2586	1
25865	1
2588	1
2589	1
259	17
2590	1
2591	1
2593	1
2594	1
25957	1
2596	2
25960	1
25969	1
2597	1
2598	1
2599	1
26	277
260	19
2600	4
2601	2
2602	2
2603	2
26062	1
2608	1
26087	1
261	16
2610	3
2611	2
2612	1
2613	1
2614	2
2615	2
2616	1
2617	1
2618	2
2619	4
262	19
2620	1
26217	1
2622	2
26229	1
2624	3
2625	2
2626	1
26261	1
2628	2
2629	1
263	19
2631	1
2632	1
26320	1
2634	1
2635	2
26368	1
26373	1
2638	1
2639	1
264	14
2640	1
2645	1
2646	1
26477	1
2649	2
26497	1
265	17
2650	1
2652	1
2653	1
2655	1
2656	1
2657	1
2658	1
266	15
2660	1
26608	1
2663	1
2664	3
2666	1
2667	1
26679	1
2669	1
267	22
2671	3
2672	2
2673	2
26734	1
2674	1
2675	1
2678	1
26782	1
2679	1
268	13
2680	2
2684	1
2685	1
2687	1
2688	2
269	21
2690	2
26928	1
2693	1
26936	1
26943	1
2697	1
26978	1
26980	1
2699	1
27	232
270	19
2700	1
27037	1
2704	1
2705	4
2706	2
2707	1
2708	2
271	26
2713	2
2714	2
2715	2
2716	1
2719	2
272	19
2721	1
2722	1
27226	1
2723	1
2724	1
2728	1
2729	1
273	18
2730	2
2731	1
2732	2
2733	1
2734	1
2735	1
2736	1
2737	1
2739	1
274	20
2740	1
2742	1
2744	1
2745	2
2746	1
2747	5
2748	2
2749	2
27497	1
275	10
2750	1
27503	1
2751	1
2753	1
27547	1
2755	1
2756	1
2757	1
2758	1
2759	1
276	19
2760	1
2761	1
2763	1
2764	2
2765	1
2768	1
2769	1
27690	1
277	15
2770	2
27716	1
2778	1
2779	3
278	11
2782	2
2783	1
2784	2
2785	1
27864	1
27893	1
279	17
2790	2
2791	3
2792	1
2793	1
27946	1
2795	1
2796	1
2797	1
2798	1
28	236
280	20
2800	2
2801	1
2802	1
2803	1
2804	2
2808	2
281	17
2810	1
2811	1
281109	1
2813	1
2814	1
282	11
2820	1
2823	3
2825	3
2827	3
2828	1
28287	1
2829	1
283	15
2830	1
28318	1
2832	1
2833	2
2834	2
2835	1
2836	3
2837	2
2838	2
284	18
2840	1
2843	1
2844	1
28448	1
2847	2
28494	1
285	11
2850	2
2854	2
2856	1
2858	1
2859	1
286	14
2862	1
28625	1
2866	1
287	6
2872	1
2873	2
2874	1
28748	1
2875	1
28778	1
2878	1
288	19
2880	1
2881	2
2882	1
28822	1
28825	1
2884	1
2887	1
2889	1
289	17
2891	1
2892	3
2893	2
28930	1
2894	1
28948	1
2896	1
28962	1
29	228
290	11
2901	1
2903	1
2904	2
2905	1
2907	1
29085	1
291	20
2913	2
2914	1
2915	2
2916	1
2917	1
2918	1
2919	1
292	19
2920	3
2923	1
2924	1
29257	1
2929	2
293	17
2931	1
2933	2
2934	1
2935	1
2936	1
2937	1
2939	1
294	7
2941	1
2942	1
29425	1
29449	1
2945	1
2946	1
2947	2
2948	1
2949	1
295	18
2950	1
2951	1
2954	1
2955	1
2956	4
2958	3
29582	1
296	14
2960	1
29613	1
2962	1
2964	1
2966	2
2969	2
297	13
2970	1
297010	1
2971	1
2972	2
2973	1
2974	1
2975	1
2977	3
2978	1
298	12
2981	2
29820	1
29850	1
2986	1
29867	1
2988	2
2989	1
299	7
2990	1
2991	1
2992	1
2993	2
2994	1
2995	2
2997	1
2998	1
3	10
30	245
300	12
30019	1
3002	1
30020	1
30022	1
3004	2
30048	1
3005	2
3008	3
3009	1
301	20
3010	1
3011	1
3012	3
3014	2
30169	1
3018	1
30181	1
302	14
30214	1
3022	1
3023	1
302370	1
3024	1
3027	1
3028	2
3029	3
303	15
30305	1
30306	1
3031	1
30353	1
30359	1
3037	1
3038	1
3039	3
304	17
3040	1
3042	2
3043	2
3044	2
3045	1
3047	1
30479	1
3048	1
30489	1
3049	3
305	20
3050	1
3053	2
3054	1
3055	1
3059	1
306	13
3061	2
3062	1
3063	1
3066	2
3068	1
30682	1
307	12
3071	2
3072	1
3075	1
30758	1
3076	1
30761	1
3077	1
3079	2
308	12
3080	1
3084	1
3086	2
3087	2
308776	1
3088	1
30881	1
309	8
3090	3
30904	1
3091	1
3092	1
3093	1
3095	1
3096	1
3097	2
31	232
310	16
31027	1
3107	1
3108	2
311	12
3110	2
3111	1
3112	1
3114	1
3116	2
3117	1
3119	4
312	17
3120	2
31216	1
3122	1
3123	3
3127	1
3129	1
31291	1
313	9
3130	1
3131	1
3134	2
3136	1
31364	1
314	13
3141	1
31432	1
3145	2
315	15
31505	1
31516	1
31536	1
3154	1
3156	2
3158	2
316	12
3160	1
3161	2
3162	1
3166	2
3167	1
317	16
3171	2
3172	1
3175	1
3178	1
318	12
3182	1
3185	1
3186	2
319	20
3190	1
3191	1
31916	1
3193	1
3195	1
3197	2
3198	2
32	202
320	6
3200	1
32002	1
3202	1
3206	1
3207	1
3208	1
321	13
3210	2
32102	1
3214	1
3217	1
3219	1
32190	1
322	14
3220	1
3221	1
3223	2
3225	1
3226	1
3229	1
323	17
3230	1
323031	1
3231	1
3232	2
3233	1
3234	2
3235	2
3236	1
3237	2
3238	2
324	13
3240	1
32401	1
3242	2
3246	1
3249	3
325	7
3250	1
3252	3
3255	1
32561	1
3257	2
3258	1
32580	1
326	16
3261	2
3262	1
3263	1
3264	2
3265	2
3266	1
3267	1
3268	1
327	10
3270	2
32701	1
3272	2
3274	1
3275	2
3276	1
3278	2
3279	2
32797	1
32799	1
328	17
3281	1
3282	1
3283	2
3284	2
3286	2
3287	1
329	10
3290	2
3292	1
3294	1
32941	1
3295	1
3296	1
32969	1
3297	1
3299	2
33	233
330	14
3300	1
3302	1
3303	2
33038	1
3305	1
3306	1
3307	1
33071	1
3309	1
331	16
3311	2
3316	2
3317	1
33181	1
332	9
3322	2
3323	1
3324	1
3325	1
3327	2
33274	1
333	13
3333	1
3334	1
3337	1
334	10
3340	1
3341	2
33412	1
3342	1
3343	1
3348	1
335	7
3350	1
3352	1
3354	1
3356	2
3358	3
3359	1
336	12
3360	1
3361	2
3363	1
3364	2
3365	1
33653	1
3367	1
3368	1
3369	2
337	7
3370	1
3371	2
3374	1
3376	1
3377	1
3379	1
338	18
3380	1
3381	2
3382	2
3383	2
33832	1
3385	2
3386	1
3388	1
339	4
3392	1
3395	1
33987	1
3399	1
34	271
340	19
3400	1
3402	1
3403	1
34049	1
3406	1
3407	4
3409	1
341	12
3410	1
3411	1
3413	1
3414	2
3416	3
3417	1
3418	1
3419	1
342	15
3422	1
3423	2
3425	1
3426	2
3429	2
343	10
3431	1
3432	1
34324	1
3436	1
34373	1
344	11
3440	1
34402	1
34418	1
3442	1
34441	1
3445	1
3446	3
34462	1
34463	1
3447	3
3448	1
345	14
3450	2
3451	1
3453	1
3454	3
34544	1
3455	1
3456	1
3457	1
3459	3
346	14
3460	1
3461	1
3463	1
3464	1
34642	1
3467	1
347	15
3470	1
3471	3
3473	1
3474	2
34766	1
3477	1
3478	2
348	13
3483	1
3484	1
3487	1
3488	1
349	10
3490	2
3492	1
3497	1
35	196
350	19
3500	1
3504	2
3506	1
3508	1
351	17
35108	1
3512	2
3514	1
3515	1
3517	1
3519	1
352	17
3520	1
3521	1
3523	1
35232	1
3525	3
3526	1
3527	1
3528	1
353	10
35309	1
3532	1
3538	1
354	8
3545	1
3547	1
3549	1
35493	1
355	12
3550	1
3551	1
35510	1
3553	2
3555	1
3557	1
3558	1
3559	1
356	13
3561	1
3562	1
3565	1
3568	1
3569	2
357	16
3573	1
3578	2
358	11
3580	1
3581	1
3584	1
3585	2
3586	1
3587	2
3588	1
3589	1
359	20
35910	1
3592	1
3594	1
36	177
360	13
3601	1
3608	1
36094	1
361	11
3612	1
3613	1
3614	1
3616	1
3617	1
36191	1
362	13
3620	2
36211	1
3623	2
3628	1
363	17
3631	1
3632	1
36320	1
3634	1
3637	1
3638	1
364	8
3640	1
36408	1
3641	1
3642	1
3643	1
3644	1
36441	1
3645	1
36466	1
3647	1
365	16
3650	1
36521	1
3653	1
3655	1
3656	2
3658	1
3659	2
366	4
3660	1
36617	1
3662	2
36637	1
3666	1
3667	1
3668	1
367	8
3672	1
3674	1
36740	1
3676	1
36769	1
3678	2
3679	2
368	10
3682	1
36822	1
36823	1
3684	1
3686	1
36862	1
3687	1
369	15
36943	1
3699	1
37	208
370	17
3700	1
3701	1
3705	1
37064	1
3707	1
3708	1
3709	1
371	4
3710	1
3712	1
3716	3
3718	1
3719	1
372	13
3724	3
3726	1
3727	1
3728	1
3729	1
373	10
3731	2
3733	3
3734	2
3739	2
374	17
3740	1
3745	1
3747	1
3748	1
3749	1
375	10
3750	1
3752	1
3754	1
3755	2
3758	1
376	9
3763	1
3764	1
3765	2
3766	1
3769	1
377	12
3772	2
3774	1
3776	1
378	15
3780	2
3781	1
3782	1
3786	1
3787	1
3788	1
3789	1
379	9
3791	1
37925	1
3793	1
3796	1
3797	1
38	220
380	10
3801	1
3803	1
3804	1
3806	1
3807	1
381	13
3814	1
3815	1
3817	1
38187	1
382	12
3822	1
3827	1
3828	1
383	15
3836	1
384	13
3841	1
38435	1
3844	1
3846	1
3848	1
385	9
3851	1
38513	1
3852	1
3854	2
3857	2
386	5
3863	1
3866	2
387	9
3870	1
3871	1
3876	1
3877	1
3878	1
388	9
3882	1
38827	1
3885	1
3887	2
389	13
38905	1
3892	1
3894	1
3896	1
3897	1
3898	2
39	169
390	5
3909	2
391	5
3910	1
3914	1
3915	1
3918	2
392	8
3920	1
3926	1
3929	1
393	10
3932	1
3939	3
394	7
3947	1
3948	1
395	10
3950	1
39510	1
3953	1
3956	1
3957	1
39571	1
3958	1
396	4
3962	1
3966	1
3967	1
397	10
3975	1
39757	1
3977	1
39771	1
3979	1
398	9
3980	1
3981	1
3983	1
3988	3
399	15
3991	1
3995	1
3996	1
39986	1
4	23
40	175
400	11
4003	1
4004	1
40067	1
4008	2
401	17
4010	1
4012	2
4015	1
4016	3
4018	1
402	10
4024	2
403	17
4035	1
40399	1
404	6
40413	1
4049	1
405	8
4050	1
40552	1
4058	1
406	10
4064	1
4065	1
40651	1
4068	1
4069	1
407	12
4070	1
40749	1
4076	2
4077	1
4078	1
408	14
4080	1
4087	1
4089	2
409	11
40936	1
4094	2
40955	1
4096	1
4098	1
4099	1
41	159
410	16
4101	1
4102	1
4103	1
4107	1
4108	1
41082	1
411	10
4111	1
4115	1
4116	1
4117	1
4118	1
4119	2
412	12
4122	1
4126	1
4127	1
4128	1
413	11
4133	1
414	15
4140	1
4143	2
4144	1
4148	1
415	9
4150	1
4151	1
4153	1
4156	3
4159	1
416	16
4161	1
41633	1
41640	1
4165	1
417	12
4171	1
41739	1
4175	1
4176	1
418	9
4180	2
4181	1
4182	1
4185	1
4186	1
4187	1
4188	1
419	8
4193	1
4194	1
41949	1
4195	2
4198	1
42	203
420	4
4200	1
4204	1
4205	2
4206	1
421	10
42107	1
4219	1
422	12
4224	1
4227	1
4228	1
4229	1
423	10
4233	1
424	7
4241	2
4243	1
4245	1
4249	2
425	9
4255	2
4258	1
426	11
42627	1
4264	1
4265	1
4267	1
4268	1
42688	1
4269	2
427	12
4271	1
42734	1
4274	1
42744	1
4275	1
4278	1
428	12
4283	2
4284	1
4287	1
429	14
4290	1
42913	1
4294	1
43	166
430	5
4300	1
4301	1
4307	1
4309	1
431	11
4311	1
432	6
4329	1
433	4
43323	1
4339	1
434	13
4340	3
4341	1
4343	1
4345	1
4348	2
43495	1
435	6
436	8
4361	1
4363	1
4364	1
4365	2
4367	1
437	11
4373	1
438	9
4380	1
4381	1
4384	2
43894	1
439	12
43941	1
4395	1
44	160
440	10
4400	1
44000	1
4401	2
4404	1
441	10
4411	2
44139	1
4415	1
4416	1
4419	1
442	5
4420	1
4423	1
4424	1
44269	1
4428	1
443	3
4437	1
4439	1
444	8
4442	1
4443	1
4447	1
4448	1
445	14
44508	1
44512	1
4453	1
44560	1
4457	1
446	10
44642	1
4465	1
447	11
4470	2
4475	1
4476	1
4478	1
448	7
4481	1
4482	2
4487	1
4488	1
44890	1
449	15
44917	1
4494	1
4498	1
45	179
450	5
4502	1
451	9
4512	1
4513	1
452	7
4522	1
4525	1
4526	1
4529	1
453	10
4533	1
4535	1
4536	1
4537	1
4538	2
4539	1
454	8
4545	1
455	12
4550	1
4551	1
4553	2
456	8
4563	1
4564	2
457	9
4573	1
45759	1
4576	1
4577	1
4579	1
45792	1
458	11
4582	2
4587	2
45877	1
45887	1
459	7
45902	1
4593	1
4594	1
4596	1
45969	1
4598	2
4599	1
46	146
460	8
46003	1
4602	1
4603	1
4605	1
461	9
4614	1
4616	1
462	11
4620	2
4622	1
4625	2
4627	1
4629	2
463	4
46342	1
4637	1
4638	1
464	11
4640	1
4644	1
4645	1
4647	2
465	7
4650	3
4651	2
4652	1
4657	1
4659	1
466	8
4662	1
4663	1
4664	1
4666	1
4667	1
467	8
4670	1
4676	1
4677	1
468	21
4680	1
4684	3
46855	1
469	16
4691	1
4692	2
4696	1
47	168
470	4
47010	1
4704	1
47076	1
4708	1
4709	1
471	11
4711	1
4714	1
472	13
4721	1
4723	2
4725	1
4726	1
47266	1
4727	2
473	12
4739	1
474	8
4741	1
4742	2
4747	1
475	10
4752	2
476	10
4761	1
477	9
4776	1
4779	1
478	8
4780	1
4781	1
47813	1
4783	1
47892	1
479	8
4790	1
4791	1
4792	1
4797	2
4798	1
4799	1
48	142
480	12
4802	1
4804	1
4807	1
4808	1
4809	2
481	15
4813	1
48156	1
4816	1
4818	2
482	6
4824	2
483	9
4832	1
4838	1
484	10
4843	1
485	9
4850	4
4851	1
48535	1
48540	1
4858	2
486	6
4860	1
4861	2
4866	1
4867	1
4869	1
487	11
4871	1
48723	1
4878	1
4879	1
488	7
4885	1
48868	1
4887	1
4889	1
489	9
4891	1
4892	1
4893	1
4896	1
4897	1
49	143
490	7
4900	1
4901	1
4904	2
4907	1
491	10
4911	1
4914	1
4916	1
4917	1
4919	1
492	4
4920	1
4923	1
493	13
4937	1
4938	1
4939	1
494	7
4941	1
4943	1
495	10
4952	1
4957	1
4958	1
496	4
4960	2
4961	2
4962	1
4965	1
4966	1
4967	1
497	10
4972	2
4973	1
4974	2
4976	1
498	5
4981	1
4982	2
4989	1
499	8
4993	1
4995	1
49950	1
4996	1
4998	1
4999	1
5	33
50	132
500	10
50016	1
5004	1
5008	1
501	7
5011	1
5012	1
5014	1
5015	1
50175	1
50190	1
502	6
5022	1
5025	1
503	5
5030	2
5032	1
5039	1
504	8
505	6
5052	1
5057	1
5058	2
5059	1
506	9
5061	1
5062	1
50631	1
5066	1
5067	1
5068	1
507	9
5072	1
5074	1
5075	1
5078	1
508	4
5081	1
5084	1
5085	3
5087	1
509	9
5090	1
5091	1
5096	1
51	158
510	7
5101	1
5104	1
5105	1
511	15
5114	2
5115	1
512	11
5120	1
5122	1
5123	1
5126	1
513	3
5135	1
5137	1
5138	1
514	4
5140	2
51423	1
5146	2
5147	1
515	3
5153	1
5154	1
5155	1
516	8
5160	1
5164	1
517	8
5172	1
518	11
5180	1
5184	1
5185	2
51850	1
519	8
5194	1
5195	1
5196	1
52	153
520	11
52013	1
5202	1
5205	1
521	7
5217	1
5218	1
522	10
5225	1
523	7
52340	1
5235	1
52354	1
5237	3
5239	1
524	7
5242	1
525	11
5252	1
5255	2
52570	1
5259	2
526	12
5260	1
5262	1
5264	2
5265	1
5268	1
527	3
5270	2
5274	1
5275	2
5277	1
5279	1
528	7
5281	1
5285	1
529	9
5290	1
5291	1
5294	1
53	120
530	11
5302	1
5303	1
5304	1
5308	1
531	12
5314	2
532	10
5320	1
53231	1
5324	1
5325	1
533	6
5330	1
5333	1
534	4
53408	1
5342	2
5348	2
535	5
5350	1
5351	1
5354	1
5358	1
536	9
5360	1
5361	1
5365	1
5369	1
537	8
5370	2
5372	2
5377	2
538	6
53843	1
5387	1
53898	1
539	10
5395	1
54	118
540	11
5401	1
5408	1
541	3
54131	1
54189	1
542	11
5425	1
543	5
5434	1
5435	1
5438	1
544	4
5442	1
5443	1
5449	2
545	2
5451	2
5455	1
54560	1
5458	2
546	7
5462	1
5468	1
547	4
5471	1
5475	2
548	7
5482	1
5483	1
549	10
5492	2
5495	2
5498	3
5499	1
55	116
550	7
5500	1
5501	1
551	7
55108	1
5512	1
5517	1
5519	1
552	4
5522	1
553	11
5531	1
5533	1
554	9
5545	1
555	6
5551	1
556	9
5561	1
5566	2
5568	1
5569	2
557	6
5577	1
558	8
5580	1
5583	1
5585	1
5587	1
5588	1
559	10
5592	2
5594	2
5598	1
56	111
560	5
5600	1
5603	1
5605	1
5606	2
5607	1
561	10
5612	1
562	6
5620	1
5621	1
5622	1
5623	1
5625	1
5626	1
563	7
56338	1
5634	1
564	10
5649	2
565	7
566	6
5664	2
56683	1
567	10
5673	1
5674	2
5677	1
568	14
5687	1
569	8
5691	1
5693	1
5699	1
57	116
570	7
5701	1
5702	1
571	4
5710	2
5713	2
5715	1
5718	2
572	12
5720	1
5721	2
5722	2
5727	1
573	10
5730	1
5733	1
574	8
57442	1
5745	1
5747	1
575	14
5750	1
5754	1
5755	1
57563	1
5759	1
576	7
5762	1
5767	1
577	7
5770	1
5773	1
5778	1
578	6
5780	1
5781	1
57847	1
5787	1
5788	1
579	6
5796	1
58	121
580	10
5801	1
5802	2
5804	1
581	6
5812	1
58174	1
5818	1
5819	1
582	11
5822	1
5828	1
583	8
5831	2
5832	1
584	3
5841	1
5844	1
5849	1
585	14
5856	1
58592	1
586	12
5860	1
5861	1
5864	1
587	10
5871	1
5878	1
588	9
5888	1
5889	1
589	7
5891	1
5899	1
59	107
590	9
5900	2
5901	1
5907	1
591	12
592	3
5927	1
593	4
5930	1
594	4
5941	1
5942	1
595	4
5955	1
5957	1
596	5
5961	1
5962	1
5964	1
5966	1
5967	1
5968	1
597	10
5973	1
5977	1
5978	1
598	8
5981	1
5983	2
5985	1
5986	1
599	5
5991	1
5993	1
5994	1
5995	1
5996	1
6	75
60	105
600	8
6003	1
6006	1
601	9
6014	1
6015	1
6016	1
6018	1
602	7
6024	1
6027	1
603	4
6030	1
6033	1
604	5
6047	1
605	6
6052	1
6058	2
606	7
607	9
6071	1
60743	1
6075	1
6076	2
608	7
60814	1
6082	1
60883	1
60885	1
6089	1
609	8
6091	1
6096	1
6097	1
61	97
610	10
6101	1
6102	1
61029	1
6108	1
611	5
61134	1
612	6
6123	1
6124	1
6126	1
613	8
6130	1
6132	2
614	7
6143	1
6144	3
6147	1
6149	1
615	3
6151	1
6155	3
61575	1
6158	1
616	7
6167	1
6168	1
617	7
618	10
6186	1
6187	2
6188	1
619	6
6195	1
6196	1
6198	1
6199	1
62	113
620	6
6202	1
6203	1
6207	1
6208	2
621	7
6218	1
622	8
6220	1
62277	1
623	4
6233	1
6234	1
6235	1
6237	1
624	5
625	8
6253	1
6256	1
62581	1
6259	1
626	4
6261	1
6269	1
627	4
6271	3
62793	1
628	9
6283	1
6287	1
629	5
6292	1
6296	1
6298	1
6299	1
63	99
630	9
6306	1
6307	1
631	7
63124	1
6317	1
6319	3
632	8
6320	1
63205	1
633	5
6336	1
6338	1
634	5
6341	1
6346	1
6347	1
635	6
636	6
6366	1
6367	1
637	5
6373	1
6374	1
6376	2
6377	1
6379	1
638	9
6387	1
6388	1
639	9
6395	1
64	110
640	6
6400	1
6404	1
6406	1
64090	1
641	10
6418	1
642	3
64267	1
643	12
6439	1
644	7
6441	1
6442	1
6448	1
645	5
6458	1
646	4
6461	1
6469	2
647	9
6470	1
6471	1
64748	1
6475	1
648	4
6485	1
6486	1
6487	1
649	7
6495	1
65	100
650	2
6501	1
6509	1
651	6
6512	1
6513	1
6515	1
652	4
65229	1
6524	1
653	9
6532	1
6537	1
6539	1
654	4
65407	1
6542	1
6543	1
65453	1
6546	1
655	5
6550	1
6552	1
6554	1
656	7
6564	1
6567	2
657	5
6573	1
6574	1
658	6
6582	1
6583	1
65888	1
65890	1
659	7
6592	1
6594	1
6595	1
6599	1
66	96
660	4
6601	1
66088	1
661	6
6610	1
6613	1
6615	1
662	8
6621	1
6627	1
663	4
6630	1
6633	1
664	5
6642	1
6644	1
665	5
6658	1
66592	1
666	2
6661	1
6664	1
6666	1
6669	1
667	7
6671	1
6673	1
6674	1
6675	1
668	6
6685	1
669	8
6693	1
67	84
670	8
6701	1
6702	1
67028	1
6704	1
671	7
67105	1
672	7
6723	1
6726	1
6727	1
673	10
6731	1
6736	1
674	6
6741	1
6742	1
6743	1
6749	1
675	4
6752	1
6757	1
676	5
6761	1
6763	1
6764	1
6768	1
677	6
6775	1
67776	1
6778	1
678	6
6783	1
6786	2
6787	1
6789	1
679	8
6790	1
6793	1
6794	1
6795	1
68	94
680	3
6806	1
681	9
6810	1
6813	1
6817	1
6818	2
6819	1
682	5
683	3
6833	2
6834	1
68340	1
6837	1
684	10
6846	1
685	5
6854	1
6857	1
686	3
6863	3
6868	1
687	10
688	3
6884	1
689	5
6892	1
6896	1
69	90
690	3
6900	3
691	6
6912	1
6919	1
692	6
6929	1
693	8
6933	1
694	10
6941	1
6944	1
695	2
6954	1
6956	1
6959	1
696	6
6966	1
6968	1
6969	1
697	3
6970	1
6975	1
6977	1
6979	1
698	5
6981	1
699	5
6992	1
69925	1
6996	2
7	66
70	102
700	3
7000	1
701	7
70112	1
7014	1
702	7
7024	1
703	6
7030	1
7032	2
704	5
7043	1
70467	1
705	5
7059	1
706	5
707	4
7070	1
7072	1
708	4
7084	1
709	6
7092	1
71	81
710	6
7105	1
711	4
71140	1
7116	1
712	5
7129	1
713	5
7130	1
7136	1
7139	1
714	6
7145	1
7147	1
715	5
7151	1
7152	1
7156	1
7157	1
716	4
7160	1
7166	1
7168	1
717	6
7170	1
71741	1
7179	1
718	7
7186	2
7188	1
719	8
7190	1
7191	1
71923	1
71942	1
72	86
720	7
721	4
7213	1
7219	1
722	10
7221	1
7223	1
7224	1
7225	1
72255	1
72289	1
723	8
7230	1
7238	1
724	10
7241	1
7244	1
7247	1
725	8
7251	1
7255	1
726	5
727	5
7274	1
7275	1
728	6
7280	1
7283	1
7285	1
729	4
72953	1
73	87
730	3
7301	1
7304	1
731	7
73167	1
73171	1
732	6
7321	1
733	4
734	4
7343	1
73435	1
7344	2
735	2
7350	1
7354	1
736	6
7364	2
737	3
7374	1
7378	1
738	8
7385	1
7386	1
73865	1
739	10
7394	1
7396	1
74	80
740	6
7400	1
7403	1
741	5
7412	2
7415	1
7416	1
742	3
7420	1
743	2
7439	1
744	8
7443	1
745	2
746	6
747	5
748	4
749	8
7492	1
75	75
750	6
7500	1
751	5
7510	1
752	5
7523	1
7524	1
7526	1
7528	1
753	3
7533	1
7536	1
75375	1
7539	1
754	10
7543	1
7545	1
7549	1
755	8
7551	1
7556	1
756	5
7560	1
757	4
7574	1
7576	1
7577	1
7579	1
758	5
7581	1
7586	1
7589	1
759	2
7590	1
76	91
760	6
7600	1
7606	1
761	8
7612	1
7613	1
7614	1
7617	1
7618	1
762	2
763	7
764	3
76490	1
765	3
7655	1
76557	1
7656	1
766	4
7662	1
76698	1
767	8
7679	1
768	7
7685	1
7687	1
769	3
7699	1
77	76
770	5
7701	1
77015	1
7709	1
771	10
7710	1
772	3
7728	2
773	3
774	6
775	8
776	7
7762	1
777	7
7771	1
7773	1
7776	2
778	8
7788	1
779	7
78	83
780	4
7801	1
7803	1
781	7
7812	1
7819	1
782	3
7822	1
7825	1
783	5
7830	1
784	5
7845	1
7847	1
7849	1
785	2
7850	1
786	4
7862	1
7866	1
787	9
7874	1
7879	1
788	6
789	5
79	77
790	5
7906	1
791	9
7913	1
7918	1
792	4
7923	1
7926	1
7927	1
793	6
794	4
7945	1
7949	2
795	11
796	4
7969	1
797	4
7971	1
7974	2
7976	1
798	5
7980	1
7985	1
7986	1
7987	1
7989	1
799	6
7991	1
8	116
80	85
800	10
8004	1
8006	1
8008	1
8009	1
801	6
8014	1
802	1
8022	1
803	7
804	7
8041	1
8042	1
8045	1
805	8
8050	2
8058	1
8059	1
806	8
8064	1
8065	1
8066	1
807	3
8074	1
8078	1
808	4
809	6
8090	1
8093	1
81	52
810	4
81002	1
8102	1
811	3
8112	1
812	2
8124	1
8125	1
813	4
8130	1
8135	1
81353	1
8136	1
81375	1
814	7
8141	1
8144	1
8145	1
815	6
816	4
8162	1
817	1
8179	1
818	6
8181	1
8183	1
8187	1
819	5
81924	1
8193	1
8199	1
82	80
820	2
821	3
8210	1
8214	1
8215	1
822	8
8228	2
823	4
8234	1
824	5
8241	1
8249	1
825	6
8252	1
8258	2
826	4
827	4
8271	1
828	2
8288	1
829	1
8292	1
83	59
830	8
8301	1
8309	1
831	9
8316	1
832	2
8322	1
8329	1
833	5
8334	2
834	5
8343	1
8345	1
835	3
836	5
8362	1
8367	1
837	4
8376	1
838	5
839	3
84	78
840	14
841	3
8415	1
842	3
8423	1
843	2
8432	1
8437	1
844	4
845	3
8452	2
8454	1
8455	1
846	4
847	5
84722	1
848	5
8482	1
8485	1
849	3
85	75
850	1
85001	1
8504	1
8509	1
851	2
8513	1
8516	1
852	6
85224	1
8523	1
853	5
8538	1
854	6
855	5
8558	1
856	5
8562	1
8564	1
857	3
8575	1
858	5
8580	1
8585	1
859	3
8598	1
86	60
860	4
8601	1
861	5
8614	1
862	6
86202	1
863	2
8633	1
8637	1
8639	2
864	5
8642	1
8645	1
865	2
866	2
8664	1
867	5
8675	1
868	5
8688	1
8689	1
869	6
8698	1
87	65
870	5
8701	1
8702	1
871	3
8711	1
872	4
87209	1
8722	1
8723	1
873	6
8734	1
874	7
875	7
87500	1
876	4
8764	1
877	7
878	8
879	6
8792	1
88	82
880	6
8803	1
8808	1
881	3
882	2
8824	1
883	2
8834	3
884	2
8842	1
8844	1
885	6
886	2
88629	1
8863	1
8869	1
887	3
8870	1
8877	1
888	6
8880	1
88814	1
88861	1
889	3
89	71
890	6
8900	1
8908	1
891	3
8914	1
892	5
893	3
8934	1
894	4
8941	1
895	5
896	7
8967	1
897	3
898	2
8983	1
8985	1
8987	1
899	5
8994	1
8996	2
8998	1
9	145
90	46
900	4
9010	1
9012	1
902	4
9025	1
9027	1
903	6
9031	1
904	6
90439	1
905	3
9052	1
9053	1
9055	1
9056	2
906	3
9061	1
9067	2
907	4
908	1
9085	1
909	4
90902	1
91	69
910	2
9100	1
911	5
912	4
91204	1
9122	1
913	5
914	5
9143	1
9147	2
915	6
9157	1
916	7
9164	1
91672	1
917	4
9172	1
9176	1
918	6
9181	1
919	2
9196	1
92	73
920	3
9201	1
921	2
9210	1
9219	1
922	7
9221	1
9222	1
9223	1
9224	1
92256	1
923	5
924	6
925	3
926	3
927	3
9270	1
9274	1
9276	1
928	2
929	4
9296	1
9297	1
93	71
930	5
9305	1
931	1
9312	1
9319	2
932	4
9320	1
9323	1
933	4
9334	1
934	4
9346	1
935	8
936	5
9364	1
9366	1
937	4
9377	1
938	1
93823	1
9387	1
939	5
9397	1
94	52
940	3
941	1
9416	2
942	3
943	1
94318	1
9435	1
944	2
9442	1
9448	1
945	4
9459	1
946	6
9460	1
947	2
9474	1
9478	1
948	3
9482	1
949	4
9496	1
95	66
950	5
9503	1
9516	1
952	7
953	5
9536	1
954	6
955	3
9558	1
956	2
9564	1
957	3
9573	1
9575	1
95789	1
958	5
95861	1
9587	1
9588	2
959	3
9593	1
96	64
960	3
961	3
9613	1
96172	1
962	1
9629	1
963	5
964	5
9646	1
965	1
966	6
9661	1
9662	1
967	7
968	5
9680	1
9682	1
9686	1
969	3
97	59
970	4
971	4
9717	1
9718	1
972	5
9720	1
9721	1
973	7
974	4
9745	1
975	5
9750	1
9756	1
976	7
977	2
9774	1
9776	2
978	1
979	3
9792	1
9798	1
98	51
980	4
981	2
982	6
9825	1
9826	1
983	7
9834	1
9835	1
9837	1
984	4
985	4
986	6
9861	1
9867	1
987	4
9872	1
988	3
9883	1
989	3
99	58
990	5
9905	1
991	3
9919	1
992	3
993	7
994	4
9943	1
995	3
9953	1
9957	1
996	1
99610	1
9962	1
9963	1
9964	1
997	1
9977	1
998	4
9981	1
999	3
9997	1

Top 10 most viewed posts are :

323031 	 ValueError: Input contains NaN, infinity or a value too large for dtype('float32')
308776 	 How to get correlation between two categorical variable and a categorical variable and continuous variable?
302370 	 How to set class weights for imbalanced classes in Keras?
297010 	 What's the difference between fit and fit_transform in scikit-learn models?
281109 	 How do I compare columns in different data frames?
254549 	 Micro Average vs Macro average Performance in a Multiclass classification setting
253123 	 train_test_split() error: Found input variables with inconsistent numbers of samples
247600 	 K-Means clustering for mixed numeric and categorical data
240803 	 How to draw Deep learning network architecture diagrams?
239698 	 What are deconvolutional layers?
